20180226 120100;1505.51;1506;1505.01;1506;1000
20180226 120200;1505.8;1506.08;1505.8;1506;400
20180226 120300;1506.1;1507;1506.1;1507;700
20180226 120400;1506.96;1507;1506.4;1507;700
20180226 120500;1506.55;1506.55;1506.37;1506.41;100
20180226 120600;1506.96;1506.96;1505.84;1505.84;800
20180226 120700;1505.76;1505.76;1505.76;1505.76;0
20180226 120800;1506.95;1506.95;1506.17;1506.89;100
20180226 120900;1506.75;1507;1506.75;1507;100
20180226 121000;1506.86;1508;1506.86;1508;1200
20180226 121100;1508;1508.45;1507.89;1508;1500
20180226 121200;1508.44;1508.45;1508.2;1508.4;100
20180226 121300;1508.39;1508.45;1507.8;1508.39;200
20180226 121400;1508.21;1508.9;1508.15;1508.89;1200
20180226 121500;1508.9;1509;1508.85;1508.88;800
20180226 121600;1508.85;1508.85;1508.47;1508.47;400
20180226 121700;1508.37;1508.47;1508;1508.47;700
20180226 121800;1508.11;1508.55;1508.11;1508.44;200
20180226 121900;1508.3;1508.3;1508;1508;200
20180226 122000;1508.3;1508.65;1508.3;1508.58;400
20180226 122100;1508.55;1509.2;1508.54;1509.2;1300
20180226 122200;1509.39;1509.39;1509;1509;300
20180226 122300;1509;1509.35;1508.99;1509.01;800
20180226 122400;1509.28;1509.28;1509.25;1509.25;0
20180226 122500;1509;1509.06;1508.25;1508.25;900
20180226 122600;1508.1;1508.1;1508.1;1508.1;100
20180226 122700;1508.4;1508.4;1508;1508;0
20180226 122800;1508.3;1508.3;1508.3;1508.3;0
20180226 122900;1508.12;1508.12;1508;1508.01;400
20180226 123000;1508.01;1508.48;1508;1508.02;300
20180226 123100;1508;1508.37;1507.84;1507.94;500
20180226 123200;1507.86;1507.94;1507.86;1507.89;600
20180226 123300;1507.89;1508.6;1507.84;1508.6;2700
20180226 123400;1508.06;1508.11;1508.06;1508.11;200
20180226 123500;1508.06;1508.23;1508.06;1508.23;100
20180226 123600;1508.2;1508.29;1507.5;1507.5;1400
20180226 123700;1507.75;1508.05;1507.75;1508.02;300
20180226 123800;1508.11;1508.11;1508;1508;400
20180226 123900;1508;1508.6;1508;1508.6;200
20180226 124000;1508.01;1508.01;1508.01;1508.01;0
20180226 124100;1508.01;1508.5;1508;1508;100
20180226 124200;1508;1508.59;1507.75;1508.59;1000
20180226 124300;1508.6;1508.7;1508.23;1508.5;300
20180226 124400;1508.5;1508.5;1508;1508.02;400
20180226 124600;1508.39;1508.5;1508.11;1508.11;100
20180226 124700;1508.44;1508.64;1508.44;1508.64;100
20180226 124900;1508.64;1508.99;1508.5;1508.5;500
20180226 125000;1508.94;1508.99;1508.94;1508.99;200
20180226 125100;1508.56;1508.99;1508.56;1508.96;200
20180226 125200;1508.93;1508.93;1508.93;1508.93;0
20180226 125300;1508.89;1508.99;1508.89;1508.99;200
20180226 125400;1508.99;1508.99;1508.68;1508.68;200
20180226 125500;1508.8;1509.5;1508.8;1509.3;2800
20180226 125600;1509.38;1509.75;1509.38;1509.5;1100
20180226 125700;1509.5;1510.35;1509.25;1510.29;2600
20180226 125800;1510.3;1511;1510.06;1510.5;1100
20180226 125900;1510.95;1511;1510.17;1510.21;500
20180226 130000;1510.35;1511.2;1510.21;1511.2;1500
20180226 130100;1511.4;1513.25;1505.4;1512;11800
20180226 130200;1512;1513.3;1511.1;1513.3;1000
20180226 130300;1512.73;1513.3;1511.99;1512.44;800
20180226 130400;1513;1514;1512.03;1513.9;4300
20180226 130500;1513.6;1514;1513;1514;1000
20180226 130600;1513.74;1514;1513.5;1513.95;700
20180226 130700;1513.84;1514;1513;1513.75;2500
20180226 130800;1513.75;1513.75;1513.01;1513.5;400
20180226 130900;1513.25;1513.4;1511.38;1513;700
20180226 131000;1512.07;1513;1512;1512;400
20180226 131100;1512.85;1512.85;1511.75;1512;800
20180226 131200;1512;1512.4;1511.75;1512.4;400
20180226 131300;1512;1512.4;1512;1512.4;300
20180226 131400;1512.06;1512.4;1511.95;1511.95;300
20180226 131500;1512;1512.3;1511.95;1512.3;2200
20180226 131600;1512.3;1512.6;1512.25;1512.3;800
20180226 131700;1512.31;1512.74;1512.25;1512.74;600
20180226 131800;1512.55;1512.75;1512.05;1512.2;500
20180226 131900;1512.5;1512.8;1512.5;1512.5;500
20180226 132000;1512.74;1512.74;1512.26;1512.65;200
20180226 132100;1512.65;1512.75;1512.5;1512.75;500
20180226 132200;1512.54;1512.7;1512.49;1512.5;500
20180226 132300;1512.46;1512.61;1512.01;1512.08;1700
20180226 132400;1512.3;1513.78;1512.3;1513.66;5500
20180226 132500;1513.52;1514;1513.16;1514;1200
20180226 132600;1513.5;1514;1513.12;1513.66;500
20180226 132700;1513.61;1514;1513.35;1513.86;1100
20180226 132800;1513.32;1513.82;1513;1513.49;1200
20180226 132900;1513.49;1513.49;1512.5;1513;100
20180226 133000;1513;1513.49;1500;1500;100
20180226 133100;1513.3;1513.49;1512.99;1513.49;600
20180226 133200;1513.49;1513.49;1513.38;1513.38;100
20180226 133300;1513.05;1513.13;1513;1513;100
20180226 133400;1513.05;1513.06;1512.77;1513;1300
20180226 133500;1513.02;1513.25;1513.02;1513.25;200
20180226 133600;1513.19;1513.49;1513;1513;500
20180226 133700;1513.45;1513.45;1512.77;1513;500
20180226 133800;1513.08;1513.1;1512.76;1512.76;100
20180226 133900;1513.1;1513.39;1512.81;1513.01;400
20180226 134000;1513.02;1513.49;1513.01;1513.45;100
20180226 134100;1513.45;1514;1513.2;1513.7;1200
20180226 134200;1513;1513.67;1513;1513.13;900
20180226 134300;1513.13;1513.13;1512.41;1512.9;900
20180226 134400;1513.32;1513.55;1513;1513.55;1200
20180226 134500;1513.55;1513.68;1513.05;1513.6;500
20180226 134600;1513.1;1513.21;1513.1;1513.21;0
20180226 134700;1513.44;1513.75;1513;1513.37;1900
20180226 134800;1513.15;1513.15;1512.88;1513;400
20180226 134900;1513;1513;1512.3;1512.5;200
20180226 135000;1512.5;1513;1512.15;1512.15;400
20180226 135100;1512.31;1513.6;1512.3;1513.5;2800
20180226 135200;1513.98;1513.98;1513;1513;400
20180226 135300;1513.5;1513.5;1513;1513;200
20180226 135500;1513.16;1513.48;1513.16;1513.48;100
20180226 135600;1513.18;1513.79;1513;1513;200
20180226 135700;1513;1513.5;1513;1513.5;300
20180226 135800;1513.43;1513.43;1512.54;1512.62;300
20180226 135900;1512.86;1513.5;1512.5;1512.64;500
20180226 140000;1513;1513;1512.5;1512.51;600
20180226 140100;1512.51;1513;1512.5;1512.5;700
20180226 140200;1512.5;1512.5;1511.57;1511.7;5500
20180226 140300;1512.15;1513;1512.1;1513;1000
20180226 140400;1512.86;1513.45;1512.28;1512.9;200
20180226 140500;1512.86;1513;1512.86;1512.88;0
20180226 140600;1512.61;1512.66;1512.5;1512.5;500
20180226 140700;1512.6;1512.86;1512.5;1512.53;400
20180226 140800;1512.75;1512.75;1512.54;1512.59;100
20180226 140900;1512.59;1512.6;1512.4;1512.52;500
20180226 141000;1512.6;1513.5;1512.4;1513.5;1300
20180226 141100;1512.75;1513.41;1512.5;1513.3;2700
20180226 141200;1513.41;1513.41;1512.54;1513;300
20180226 141300;1512.52;1513;1512.52;1512.95;0
20180226 141400;1512.57;1512.89;1512.4;1512.6;100
20180226 141500;1512.79;1513;1512;1512.22;700
20180226 141600;1512.22;1512.22;1511.55;1511.9;400
20180226 141700;1511.6;1511.9;1511.54;1511.54;200
20180226 141800;1511.55;1512.01;1511;1511;1700
20180226 141900;1511.4;1511.6;1510.33;1511;800
20180226 142000;1511;1512.01;1511;1511;1600
20180226 142100;1510.76;1511.75;1510.76;1511;400
20180226 142200;1510.92;1511.99;1510.77;1511.67;600
20180226 142300;1511.74;1511.74;1511.02;1511.02;200
20180226 142400;1511.41;1511.6;1511.15;1511.33;400
20180226 142500;1511.35;1511.6;1511.02;1511.02;900
20180226 142600;1511;1511.65;1510.9;1511.04;800
20180226 142700;1511.2;1511.6;1510.85;1511.6;1200
20180226 142800;1511.93;1511.93;1510.78;1511.55;400
20180226 142900;1510.76;1510.78;1508.4;1508.4;3600
20180226 143000;1508.5;1509.52;1508;1509;2400
20180226 143100;1509.2;1511.5;1508.01;1510.13;123000
20180226 143200;1510.86;1510.98;1507;1507;38500
20180226 143300;1507.48;1512.22;1507.48;1512.21;33600
20180226 143400;1512.21;1514;1510.75;1514;34100
20180226 143500;1514.22;1515.45;1513.49;1514.49;39800
20180226 143600;1514.84;1516.32;1514.17;1515.6;43900
20180226 143700;1515.45;1518.5;1515.01;1517.69;47700
20180226 143800;1517.37;1517.6;1514.51;1515.55;42000
20180226 143900;1516.1;1516.72;1513.16;1514.22;23300
20180226 144000;1514.68;1517;1513.99;1517;19300
20180226 144100;1517.39;1518;1515.8;1516.1;18300
20180226 144200;1517;1517.79;1516.3;1517.17;11800
20180226 144300;1516.99;1517.83;1516.65;1517;18200
20180226 144400;1517.06;1517.68;1516.73;1517;16400
20180226 144500;1517.18;1517.31;1515.5;1516.56;19600
20180226 144600;1516.87;1517.69;1516.05;1516.44;18500
20180226 144700;1516.2;1516.44;1513.5;1514.8;27100
20180226 144800;1514.96;1516.34;1514.68;1516.06;10300
20180226 144900;1516;1518;1516;1517.54;19300
20180226 145000;1517.99;1518.69;1517.65;1517.83;17400
20180226 145100;1518;1519;1517.07;1518;29700
20180226 145200;1517.51;1518.6;1517.5;1518.18;6700
20180226 145300;1518;1518;1517.29;1517.6;14400
20180226 145400;1517.68;1517.68;1516.72;1517.64;6600
20180226 145500;1517.61;1518.35;1517.4;1517.68;8700
20180226 145600;1517.37;1518.1;1517.18;1517.86;3300
20180226 145700;1518.2;1518.51;1517.52;1517.52;4500
20180226 145800;1518;1518.27;1517.4;1517.79;6300
20180226 145900;1517.73;1517.73;1516.63;1517.22;5500
20180226 150000;1517.12;1518.31;1517.1;1518.31;12400
20180226 150100;1518.36;1519.11;1517.24;1518.7;16200
20180226 150200;1519.07;1519.56;1518.58;1518.58;15100
20180226 150300;1518.83;1519.9;1518.39;1519.64;11000
20180226 150400;1519.63;1521;1519.39;1521;43800
20180226 150500;1521.06;1521.85;1520.3;1521.6;12700
20180226 150600;1521.53;1522.43;1520.5;1521.32;26200
20180226 150700;1520.8;1522.84;1520.8;1521.82;16400
20180226 150800;1522.04;1522.67;1521.51;1522.24;10700
20180226 150900;1522.31;1522.31;1520.15;1520.48;12900
20180226 151000;1520.17;1521.1;1518.55;1518.81;29000
20180226 151100;1518.92;1519;1517.15;1517.92;27900
20180226 151200;1517.97;1518.41;1517;1517;12600
20180226 151300;1517.14;1518.14;1517.07;1518.02;10200
20180226 151400;1517.94;1518;1517;1517.01;7500
20180226 151500;1517.02;1517.14;1515.36;1515.5;24300
20180226 151600;1516;1516.09;1514.5;1515.28;19600
20180226 151700;1515.46;1515.5;1514.02;1515.07;24600
20180226 151800;1515.08;1516.59;1514.81;1516.42;21400
20180226 151900;1516.2;1517.73;1515.82;1517.63;15100
20180226 152000;1517.45;1517.45;1516.78;1517.14;5500
20180226 152100;1517.27;1517.27;1516;1516.78;10000
20180226 152200;1516.81;1518.38;1516.81;1518.22;12300
20180226 152300;1518.07;1519.2;1518.07;1518.53;28400
20180226 152400;1518.86;1518.93;1518.13;1518.78;5500
20180226 152500;1518.47;1518.78;1518;1518;7200
20180226 152600;1518.05;1519.57;1518.05;1519.11;19400
20180226 152700;1518.97;1519.17;1516;1516.44;20600
20180226 152800;1516;1516.73;1515.09;1515.6;7800
20180226 152900;1515.65;1515.96;1515;1515.19;5800
20180226 153000;1515.66;1515.7;1514.61;1515.11;8800
20180226 153100;1515.1;1515.36;1514.61;1514.76;10500
20180226 153200;1514.82;1515.05;1513.61;1513.87;10000
20180226 153300;1514.22;1514.87;1512.76;1513.21;37600
20180226 153400;1513.14;1513.65;1512.6;1513.37;9100
20180226 153500;1513.15;1513.85;1512.75;1512.75;6300
20180226 153600;1512.7;1515.36;1512.7;1514.59;12300
20180226 153700;1514.46;1514.46;1513.5;1514.27;4000
20180226 153800;1513.78;1515;1513.78;1514.44;7700
20180226 153900;1514.38;1516.26;1514.08;1516.26;21400
20180226 154000;1515.84;1517;1515.67;1517;10600
20180226 154100;1517;1517.75;1516.25;1516.54;8400
20180226 154200;1516.48;1516.93;1516.26;1516.93;6700
20180226 154300;1516.9;1517.38;1516.29;1517.15;8900
20180226 154400;1517.21;1517.21;1516.15;1516.7;3400
20180226 154500;1516.8;1517;1516.44;1516.44;5500
20180226 154600;1516.54;1517.25;1516.47;1516.47;4000
20180226 154700;1516.18;1516.5;1515.64;1516.1;3300
20180226 154800;1515.7;1516.34;1514.45;1514.45;6700
20180226 154900;1515.2;1516.57;1515.2;1516.57;2400
20180226 155000;1516.32;1516.75;1516.24;1516.63;4000
20180226 155100;1516.21;1516.4;1515.35;1515.56;5000
20180226 155200;1515.58;1515.86;1514.62;1514.62;5400
20180226 155300;1514.89;1515.87;1514.84;1515.5;4100
20180226 155400;1515.33;1516.94;1515.13;1516.94;4600
20180226 155500;1517;1517.19;1516.24;1516.81;21800
20180226 155600;1516.76;1517.82;1516;1516.13;8100
20180226 155700;1516.2;1516.96;1516;1516.85;4200
20180226 155800;1516.74;1517.1;1516.36;1516.96;1600
20180226 155900;1516.94;1517.05;1516.43;1516.74;1700
20180226 160000;1516.52;1516.73;1516;1516.73;2400
20180226 160100;1516.21;1516.21;1515.11;1515.97;4300
20180226 160200;1516.38;1517.96;1516.2;1517.96;10700
20180226 160300;1517.96;1518.35;1517.32;1518.02;7500
20180226 160400;1518.1;1518.22;1517.26;1518.12;8500
20180226 160500;1518;1518.17;1517.86;1517.97;1900
20180226 160600;1518.04;1518.2;1517.39;1517.39;4300
20180226 160700;1517.47;1517.81;1517.2;1517.7;3100
20180226 160800;1517.91;1518.35;1517.78;1518.24;6400
20180226 160900;1518.31;1519.75;1518.31;1519.26;9500
20180226 161000;1519.35;1520.99;1519.02;1520.2;17000
20180226 161100;1520.01;1521.15;1519.7;1520.97;6900
20180226 161200;1520.9;1521.9;1520.66;1521.36;12900
20180226 161300;1521.02;1521.02;1519;1519.74;8200
20180226 161400;1519.52;1519.73;1518.76;1519;7600
20180226 161500;1519.13;1519.69;1518.91;1519.19;4500
20180226 161600;1519.29;1519.52;1517.54;1518.21;6800
20180226 161700;1518.23;1518.85;1517.95;1518.56;3600
20180226 161800;1518.78;1520.48;1518.78;1520.37;6400
20180226 161900;1520.38;1521.09;1519.94;1520.53;5500
20180226 162000;1520.35;1521.44;1520;1520.81;5600
20180226 162100;1520.5;1520.5;1519.62;1520.41;6300
20180226 162200;1519.91;1520.34;1519.38;1519.75;4100
20180226 162300;1519.29;1519.76;1519.02;1519.47;1800
20180226 162400;1519.45;1519.57;1519.18;1519.29;3800
20180226 162500;1519.28;1519.32;1518.75;1518.77;10400
20180226 162600;1519.03;1519.12;1518.42;1518.71;5600
20180226 162700;1518.9;1519.17;1518.71;1519.17;10500
20180226 162800;1519.19;1519.5;1518.92;1519.09;2200
20180226 162900;1519.23;1519.9;1519.2;1519.45;5800
20180226 163000;1519.5;1519.91;1519.41;1519.9;5000
20180226 163100;1519.55;1519.99;1519.04;1519.24;5400
20180226 163200;1519.23;1520.25;1519.23;1520.16;5600
20180226 163300;1520.29;1520.45;1520.02;1520.2;3200
20180226 163400;1520.48;1521;1520.42;1520.6;10200
20180226 163500;1520.11;1520.6;1519.55;1519.84;7500
20180226 163600;1520.02;1520.2;1519.59;1520.05;2400
20180226 163700;1520.03;1520.14;1519.25;1519.25;2600
20180226 163800;1519.62;1519.96;1519.27;1519.27;4100
20180226 163900;1519.27;1519.99;1519.26;1519.76;3000
20180226 164000;1520;1520.5;1519.91;1519.91;10000
20180226 164100;1519.95;1520.22;1519.64;1519.81;1600
20180226 164200;1519.84;1520.34;1519.34;1519.89;2800
20180226 164300;1519.92;1520.16;1519.65;1519.82;3800
20180226 164400;1520;1520.16;1519.73;1519.73;3700
20180226 164500;1519.78;1519.82;1519.33;1519.56;4900
20180226 164600;1519.53;1520;1519.53;1520;1500
20180226 164700;1519.83;1520.34;1519.74;1520.23;4300
20180226 164800;1520.32;1520.36;1519.82;1520.36;2100
20180226 164900;1520.5;1520.5;1519.57;1519.57;4500
20180226 165000;1519.68;1519.84;1519.28;1519.28;3200
20180226 165100;1519.48;1520.14;1519.38;1519.73;2300
20180226 165200;1519.63;1519.75;1518.5;1518.73;7700
20180226 165300;1518.53;1518.53;1517.61;1518.06;7600
20180226 165400;1518.1;1518.78;1518.02;1518.76;5900
20180226 165500;1518.4;1518.55;1518;1518.11;2800
20180226 165600;1518.04;1519.23;1517.99;1519.23;4900
20180226 165700;1519.05;1519.17;1518.65;1518.65;4700
20180226 165800;1518.65;1518.65;1518.17;1518.17;2800
20180226 165900;1518.36;1518.41;1517.69;1517.79;3000
20180226 170000;1517.88;1518.04;1517.27;1517.7;4800
20180226 170100;1517.89;1518.33;1517.89;1518.07;3700
20180226 170200;1517.88;1518.64;1517.88;1518.36;4300
20180226 170300;1518.51;1518.8;1518.04;1518.29;3400
20180226 170400;1518.5;1518.89;1518.11;1518.64;2900
20180226 170500;1518.59;1518.59;1517.56;1517.56;2400
20180226 170600;1517.91;1518.3;1517.51;1517.75;5000
20180226 170700;1518.26;1518.26;1517.77;1518.06;1800
20180226 170800;1518;1518.69;1517.8;1518.36;4600
20180226 170900;1518.5;1518.7;1518.01;1518.23;7900
20180226 171000;1518.46;1518.46;1517.34;1517.64;10000
20180226 171100;1517.79;1517.86;1517.06;1517.47;4600
20180226 171200;1517.5;1517.54;1517.05;1517.11;5700
20180226 171300;1517.28;1518;1516.36;1516.36;8900
20180226 171400;1516.36;1517;1516.17;1517;6600
20180226 171500;1516.9;1517;1516.45;1516.45;4500
20180226 171600;1516.37;1516.37;1515.5;1515.99;10600
20180226 171700;1515.9;1516.36;1515.88;1515.93;3300
20180226 171800;1516.2;1516.85;1516.01;1516.6;2400
20180226 171900;1516.85;1516.85;1516.11;1516.75;6700
20180226 172000;1516.63;1517.29;1516.62;1517.23;7000
20180226 172100;1517.32;1518.25;1517.32;1518.04;9800
20180226 172200;1518.04;1518.5;1517.4;1517.4;5500
20180226 172300;1517.51;1517.68;1517.39;1517.59;1500
20180226 172400;1518.03;1518.4;1517.39;1517.8;3500
20180226 172500;1517.8;1517.92;1517.61;1517.66;1500
20180226 172600;1517.86;1517.92;1517.48;1517.6;2400
20180226 172700;1517.5;1517.78;1516.73;1517.14;3000
20180226 172800;1516.88;1517.24;1516.88;1517.13;1000
20180226 172900;1517.22;1518.34;1517.18;1517.98;9300
20180226 173000;1517.67;1518.34;1517.65;1518.01;4100
20180226 173100;1518.07;1518.37;1517.96;1518.07;2600
20180226 173200;1518.06;1518.06;1517.14;1517.26;2300
20180226 173300;1517.26;1517.43;1516.91;1517.1;2400
20180226 173400;1517.09;1517.39;1517.07;1517.26;2200
20180226 173500;1517.24;1517.25;1516.57;1516.65;10800
20180226 173600;1516.63;1516.75;1515.74;1516.13;5700
20180226 173700;1515.95;1516.29;1515.67;1516.29;5200
20180226 173800;1516.39;1516.81;1516.13;1516.81;3100
20180226 173900;1516.57;1517.24;1516.45;1517.13;3100
20180226 174000;1517.16;1517.27;1516.42;1516.55;1000
20180226 174100;1516.91;1516.91;1516.2;1516.49;2200
20180226 174200;1516.49;1516.61;1515.85;1516.2;4200
20180226 174300;1516.22;1516.22;1515.8;1516.16;2900
20180226 174400;1516.17;1516.94;1516.17;1516.77;2300
20180226 174500;1516.89;1517.19;1516.78;1517.19;4500
20180226 174600;1517.2;1517.5;1516.84;1517.38;7600
20180226 174700;1517.13;1517.66;1515.81;1516.21;10000
20180226 174800;1516;1516.25;1516;1516.25;600
20180226 174900;1516.24;1516.64;1516.24;1516.64;2600
20180226 175000;1516.41;1517.49;1516.41;1517.2;3900
20180226 175100;1517.58;1518.1;1517.58;1517.99;6200
20180226 175200;1518.2;1518.39;1517.67;1517.73;2400
20180226 175300;1517.87;1518;1517.58;1517.67;6600
20180226 175400;1517.88;1518.1;1517.86;1517.94;3200
20180226 175500;1517.87;1517.88;1517.69;1517.88;400
20180226 175600;1518.2;1518.48;1518;1518.48;3000
20180226 175700;1518.24;1518.33;1517.57;1518.08;4900
20180226 175800;1518.26;1518.8;1517.88;1518.8;7500
20180226 175900;1518.25;1519.09;1518.21;1519.02;3500
20180226 180000;1518.63;1518.9;1518.43;1518.86;2800
20180226 180100;1519.03;1519.43;1518.57;1519.22;6100
20180226 180200;1519.22;1519.22;1518.54;1519;3000
20180226 180300;1519;1519.28;1518.64;1519;3700
20180226 180400;1519.29;1519.48;1519;1519.36;2600
20180226 180500;1519.18;1519.4;1519.18;1519.4;900
20180226 180600;1519.48;1519.66;1518.01;1518.01;2400
20180226 180700;1518.07;1518.07;1517.35;1517.53;4400
20180226 180800;1517.52;1518.15;1516.17;1516.81;6800
20180226 180900;1516.79;1517.41;1516.62;1516.62;3300
20180226 181000;1516.56;1517;1516;1517;4900
20180226 181100;1516.73;1516.79;1516.32;1516.32;2700
20180226 181200;1516.43;1516.67;1516.22;1516.67;3700
20180226 181300;1516.61;1516.67;1515.64;1515.72;3700
20180226 181400;1515.71;1516.02;1514.13;1514.78;20300
20180226 181500;1514.25;1515.65;1514.25;1515.51;3700
20180226 181600;1515.45;1515.45;1514.79;1515.25;1000
20180226 181700;1515.15;1515.78;1515.15;1515.78;1300
20180226 181800;1516.1;1516.87;1516;1516.49;3900
20180226 181900;1516.47;1516.58;1515.61;1516.29;3300
20180226 182000;1516.04;1516.29;1515.91;1516.08;3300
20180226 182100;1516.08;1516.41;1515.83;1516.02;3300
20180226 182200;1516.2;1516.78;1516.2;1516.78;700
20180226 182300;1516.73;1516.73;1516.3;1516.32;1100
20180226 182400;1516.5;1516.71;1516.46;1516.71;1700
20180226 182500;1516.47;1516.48;1515.83;1515.83;3400
20180226 182600;1515.79;1515.91;1515.51;1515.86;1000
20180226 182700;1515.47;1516.11;1515.37;1515.7;4500
20180226 182800;1515.43;1515.92;1515.02;1515.56;3900
20180226 182900;1515.74;1516.2;1515.19;1516.17;5100
20180226 183000;1516.49;1516.7;1516.39;1516.53;1900
20180226 183100;1516.69;1516.69;1516.01;1516.01;3600
20180226 183200;1516.01;1516.01;1515.93;1515.95;1500
20180226 183300;1516;1516.16;1515.55;1515.55;3100
20180226 183400;1515.9;1515.93;1515.12;1515.17;2500
20180226 183500;1515.07;1515.51;1514.13;1514.7;5300
20180226 183600;1514.8;1514.8;1514.25;1514.33;3000
20180226 183700;1514.45;1515.27;1514.16;1514.94;5300
20180226 183800;1514.97;1515.5;1514.67;1515.48;5000
20180226 183900;1515.89;1515.89;1515.59;1515.71;1800
20180226 184000;1515.8;1515.9;1514.97;1514.99;3400
20180226 184100;1515;1515.49;1515;1515;3500
20180226 184200;1515.24;1515.85;1515.24;1515.74;4600
20180226 184300;1515.98;1515.99;1515.49;1515.56;5200
20180226 184400;1515.64;1515.96;1515.64;1515.74;1500
20180226 184500;1515.85;1516.06;1515.76;1516.06;5700
20180226 184600;1516.06;1516.16;1516.06;1516.07;600
20180226 184700;1516.07;1516.33;1515.98;1516.13;12900
20180226 184800;1516.18;1516.31;1516.08;1516.28;4000
20180226 184900;1516.31;1516.31;1516.03;1516.21;1100
20180226 185000;1516.1;1516.22;1515.46;1515.92;6800
20180226 185100;1515.92;1516.22;1515.84;1516.04;1800
20180226 185200;1515.98;1516.15;1515.87;1515.87;1800
20180226 185300;1515.7;1516.05;1515.7;1515.92;5800
20180226 185400;1515.93;1516.06;1515.51;1515.69;2400
20180226 185500;1515.7;1515.86;1515.45;1515.45;7000
20180226 185600;1515.35;1515.78;1515.35;1515.38;3300
20180226 185700;1515.46;1516.25;1515.45;1516.25;8600
20180226 185800;1516.25;1516.49;1515.92;1516.17;5100
20180226 185900;1516.1;1516.48;1516.07;1516.44;3700
20180226 190000;1516.31;1516.7;1516.25;1516.7;4600
20180226 190100;1516.83;1517.5;1516.77;1517.5;9300
20180226 190200;1517.63;1517.66;1517.33;1517.35;5300
20180226 190300;1517.35;1518;1517.1;1517.59;3600
20180226 190400;1517.59;1518;1517.41;1517.73;6100
20180226 190500;1517.54;1518.05;1517.47;1517.9;2300
20180226 190600;1517.91;1517.91;1517.23;1517.46;1900
20180226 190700;1517.92;1517.95;1517.49;1517.92;1700
20180226 190800;1517.99;1517.99;1517.29;1517.56;3100
20180226 190900;1517.34;1517.48;1516.92;1516.92;4700
20180226 191000;1517.18;1517.18;1516.57;1516.8;4000
20180226 191100;1516.69;1517;1516.48;1516.93;2100
20180226 191200;1517;1517.22;1516.43;1516.71;6900
20180226 191300;1516.65;1517.09;1516.49;1516.93;6200
20180226 191400;1517.09;1517.45;1517;1517.31;6100
20180226 191500;1517.61;1518;1517.41;1517.75;4400
20180226 191600;1517.84;1518;1517.58;1517.59;4000
20180226 191700;1517.67;1517.67;1517.21;1517.21;1400
20180226 191800;1517.33;1517.8;1517.33;1517.72;3000
20180226 191900;1517.79;1518.5;1517.79;1518.43;3200
20180226 192000;1518.21;1518.37;1517.83;1517.83;3100
20180226 192100;1517.69;1517.91;1517.62;1517.66;4000
20180226 192200;1517.68;1518.04;1517.53;1517.99;6800
20180226 192300;1517.61;1517.65;1517.26;1517.48;1900
20180226 192400;1517.59;1517.84;1517.38;1517.84;1700
20180226 192500;1517.55;1517.99;1517.53;1517.53;3800
20180226 192600;1517.79;1517.96;1517.37;1517.37;2100
20180226 192700;1517.37;1517.37;1516.23;1516.55;5200
20180226 192800;1516.57;1516.93;1516.33;1516.69;6200
20180226 192900;1516.66;1516.66;1516.25;1516.44;3400
20180226 193000;1516.34;1516.34;1515.9;1516.1;9600
20180226 193100;1516.09;1516.09;1515.36;1515.66;5200
20180226 193200;1515.82;1516.47;1515.56;1515.83;6900
20180226 193300;1516.05;1516.37;1515.95;1516.11;6100
20180226 193400;1516;1516;1515.35;1515.41;5600
20180226 193500;1515.52;1515.99;1515.52;1515.99;2600
20180226 193600;1515.95;1516.49;1515.95;1516.49;3800
20180226 193700;1516.5;1516.67;1516.14;1516.34;4500
20180226 193800;1516.17;1516.94;1516.15;1516.94;3700
20180226 193900;1516.84;1516.84;1515.82;1516.04;2600
20180226 194000;1515.86;1516.47;1515.84;1515.88;2700
20180226 194100;1515.76;1515.98;1515.05;1515.27;5900
20180226 194200;1515.15;1515.84;1515.15;1515.39;3600
20180226 194300;1515.32;1515.68;1515.32;1515.63;2600
20180226 194400;1515.63;1515.81;1515.22;1515.81;3600
20180226 194500;1515.59;1515.73;1514.58;1514.9;12400
20180226 194600;1514.58;1515.04;1514;1514.73;8200
20180226 194700;1514.83;1515.68;1514.49;1515.1;8200
20180226 194800;1514.88;1515.1;1514.04;1514.04;7200
20180226 194900;1514.06;1514.13;1512.82;1513.57;13000
20180226 195000;1514;1514.39;1513.68;1514.35;3600
20180226 195100;1514.04;1514.6;1514.04;1514.6;1000
20180226 195200;1514.34;1515.47;1514.34;1514.6;3300
20180226 195300;1515.38;1515.43;1514.66;1514.83;2500
20180226 195400;1515.4;1515.64;1515.01;1515.32;2000
20180226 195500;1515.05;1516;1515.05;1515.71;8300
20180226 195600;1515.3;1515.69;1514.47;1514.47;3400
20180226 195700;1514.66;1514.92;1514.11;1514.49;2300
20180226 195800;1514.3;1514.99;1514.3;1514.99;3700
20180226 195900;1515.19;1515.19;1514.37;1514.37;2900
20180226 200000;1514.51;1514.67;1514.31;1514.67;1400
20180226 200100;1514.42;1514.42;1513.5;1513.79;7400
20180226 200200;1514;1514.15;1513.74;1513.74;3600
20180226 200300;1513.7;1514.61;1513.7;1514.43;6100
20180226 200400;1514.66;1515.07;1514.32;1514.57;8000
20180226 200500;1514.88;1515.34;1514.69;1515.34;4500
20180226 200600;1515.43;1515.6;1515.14;1515.3;2900
20180226 200700;1515.31;1515.86;1515.26;1515.62;3600
20180226 200800;1515.44;1515.98;1515.16;1515.91;12500
20180226 200900;1515.97;1516.94;1515.89;1516.63;16300
20180226 201000;1516.65;1516.85;1516.32;1516.6;5400
20180226 201100;1516.21;1516.63;1515.91;1516.41;3800
20180226 201200;1516.41;1516.63;1515.99;1516.13;4900
20180226 201300;1516.29;1516.29;1515.53;1515.88;1700
20180226 201400;1515.8;1516.12;1515.55;1515.92;3500
20180226 201500;1516.12;1516.12;1515.61;1515.61;2800
20180226 201600;1515.58;1516.52;1515.02;1516.29;15600
20180226 201700;1516.51;1517;1516.07;1516.76;8200
20180226 201800;1516.93;1517.13;1516.38;1516.54;8800
20180226 201900;1516.33;1516.87;1516.26;1516.71;1800
20180226 202000;1516.99;1517.31;1516.91;1517.31;3400
20180226 202100;1517.1;1517.55;1516.59;1516.86;6900
20180226 202200;1516.66;1516.86;1516.49;1516.61;1400
20180226 202300;1516.67;1517;1516.34;1517;5900
20180226 202400;1516.93;1517.2;1516.34;1516.52;4800
20180226 202500;1516.43;1517;1516.3;1516.3;6600
20180226 202600;1516.21;1516.57;1516.15;1516.15;3100
20180226 202700;1516.08;1516.08;1515.21;1515.21;5300
20180226 202800;1515.31;1515.76;1515.24;1515.47;4500
20180226 202900;1515.58;1516.02;1515.5;1515.5;5200
20180226 203000;1515.53;1517.1;1515.47;1516.39;4200
20180226 203100;1516.34;1516.46;1515.73;1515.97;3400
20180226 203200;1516.16;1516.93;1515.85;1516.76;1700
20180226 203300;1517;1517.55;1517;1517.5;9800
20180226 203400;1517.5;1517.96;1517.42;1517.53;6800
20180226 203500;1517.57;1518;1517.46;1517.66;8600
20180226 203600;1517.93;1517.93;1517.37;1517.75;4400
20180226 203700;1517.66;1517.74;1517.04;1517.31;4100
20180226 203800;1517.32;1517.82;1517.27;1517.52;4400
20180226 203900;1517.5;1517.83;1517.4;1517.74;6800
20180226 204000;1517.74;1518.01;1517.56;1517.79;9400
20180226 204100;1517.77;1518.05;1517.61;1517.77;3300
20180226 204200;1517.82;1518;1517.75;1517.85;5200
20180226 204300;1517.88;1518.37;1517.64;1518.28;7600
20180226 204400;1518.26;1518.93;1518.26;1518.65;16700
20180226 204500;1518.6;1518.91;1518.37;1518.84;4600
20180226 204600;1518.96;1519.66;1518.6;1519.08;21200
20180226 204700;1519.13;1519.5;1518.92;1519.33;11100
20180226 204800;1519.26;1519.39;1518.97;1519.39;6600
20180226 204900;1519.57;1519.92;1519.21;1519.59;12600
20180226 205000;1519.64;1519.64;1518.3;1518.74;8700
20180226 205100;1520.24;1520.24;1518.88;1519.45;15800
20180226 205200;1519.36;1519.77;1519.14;1519.53;10300
20180226 205300;1519.52;1519.63;1518.98;1519.14;8900
20180226 205400;1519.11;1519.11;1518.67;1518.82;8600
20180226 205500;1518.99;1519;1518.3;1518.81;9600
20180226 205600;1518.67;1519.65;1518.67;1519.6;21100
20180226 205700;1519.7;1520.89;1519.57;1520.8;35200
20180226 205800;1520.73;1520.73;1519.22;1519.94;22300
20180226 205900;1520.3;1520.89;1520.26;1520.88;16100
20180226 210000;1520.76;1521.98;1520.66;1521.95;53900
20180226 210100;1521.95;1521.95;1521.5;1521.93;269600
20180226 210200;1521.93;1522.48;1521.51;1522.1;1800
20180226 210300;1521.65;1522.5;1517.73;1521.5;900
20180226 210400;1521.5;1521.95;1521;1521.1;5900
20180226 210500;1521.15;1521.45;1510;1521.1;800
20180226 210600;1521.25;1522;1510;1521.95;900
20180226 210700;1521.95;1522.1;1520.09;1521.96;1700
20180226 210800;1522.45;1522.5;1522.03;1522.5;200
20180226 210900;1521.56;1522.03;1521.55;1521.85;600
20180226 211000;1521.85;1521.85;1521.55;1521.55;400
20180226 211100;1521.85;1522.37;1521.85;1522.3;100
20180226 211200;1521.63;1522;1517.1;1522;2600
20180226 211300;1522;1522.5;1522;1522.48;200
20180226 211400;1522.48;1522.48;1522;1522;0
20180226 211500;1522;1522.56;1521.9;1522.5;600
20180226 211600;1522.14;1522.5;1521.75;1521.75;100
20180226 211700;1522.55;1522.66;1522.45;1522.45;100
20180226 211800;1522.5;1522.5;1522.5;1522.5;0
20180226 211900;1522.45;1522.45;1522;1522.45;100
20180226 212000;1522.45;1522.5;1522;1522;200
20180226 212100;1522;1522.5;1521.6;1522;400
20180226 212200;1522;1522;1522;1522;300
20180226 212300;1522.4;1522.4;1522;1522.4;300
20180226 212400;1522.38;1522.38;1522.04;1522.04;0
20180226 212500;1522.38;1522.5;1522.25;1522.25;100
20180226 212600;1522.45;1522.45;1522.01;1522.25;100
20180226 212700;1522.25;1522.38;1522.01;1522.38;200
20180226 212800;1522;1522.85;1522;1522.45;1100
20180226 212900;1522.67;1522.8;1522.45;1522.7;200
20180226 213000;1522.88;1523;1522.55;1523;500
20180226 213100;1523;1523;1522.5;1522.99;1100
20180226 213200;1522.99;1523.03;1522.45;1523.03;300
20180226 213300;1523.25;1523.25;1522.85;1523;100
20180226 213400;1523;1525;1523;1524.16;1500
20180226 213500;1524.16;1524.16;1524;1524.16;400
20180226 213600;1524;1524.17;1524;1524.17;0
20180226 213700;1524.68;1524.8;1524.17;1524.68;0
20180226 213800;1524.7;1524.7;1524.4;1524.4;0
20180226 213900;1524.7;1524.7;1521.95;1524;0
20180226 214000;1521.95;1524.64;1521.95;1524.4;300
20180226 214100;1524.8;1524.8;1524.8;1524.8;0
20180226 214200;1521.95;1524.64;1521.95;1521.95;200
20180226 214300;1521.95;1524.64;1521.95;1521.95;400
20180226 214400;1521.95;1524.64;1521.95;1521.95;500
20180226 214500;1521.95;1524.7;1521.95;1521.95;600
20180226 214600;1521.95;1524.8;1521.95;1521.95;500
20180226 214700;1521.95;1524.16;1521.95;1521.95;1100
20180226 214800;1521.95;1521.95;1521.95;1521.95;500
20180226 214900;1521.95;1524;1521.95;1524;100
20180226 215000;1524;1524.3;1524;1524.27;200
20180226 215100;1524.2;1524.2;1523.8;1523.8;0
20180226 215200;1524.17;1524.17;1524;1524;100
20180226 215300;1524.01;1524.79;1524.01;1524.79;0
20180226 215400;1524;1524.37;1523.54;1524.37;300
20180226 215500;1523.54;1523.54;1523.53;1523.53;0
20180226 215600;1524.01;1524.01;1524.01;1524.01;0
20180226 215700;1524;1524;1523.53;1524;100
20180226 215800;1524;1524;1523.53;1524;0
20180226 215900;1524;1524.36;1524;1524.36;100
20180226 220000;1524;1524;1523.99;1523.99;0
20180226 220100;1523.99;1523.99;1523.99;1523.99;0
20180226 220200;1523.97;1523.97;1523.97;1523.97;0
20180226 220300;1523.59;1523.97;1523.59;1523.97;100
20180226 220400;1523.72;1523.72;1523.72;1523.72;0
20180226 220500;1523.97;1523.97;1523.97;1523.97;0
20180226 220600;1523.72;1524;1523.72;1524;100
20180226 220700;1523.98;1523.98;1523.98;1523.98;0
20180226 220800;1524;1524;1523.61;1523.61;100
20180226 220900;1523.98;1523.98;1523.6;1523.98;0
20180226 221000;1523.61;1523.99;1521.95;1521.95;4300
20180226 221100;1523.98;1523.98;1523.5;1523.5;200
20180226 221200;1523.5;1523.92;1523.5;1523.92;300
20180226 221300;1523.9;1523.9;1523.9;1523.9;0
20180226 221400;1523.72;1523.72;1523.5;1523.5;200
20180226 221600;1523.53;1523.9;1523.53;1523.9;0
20180226 221700;1523.5;1523.57;1523.5;1523.5;300
20180226 221900;1523.89;1523.89;1523.45;1523.87;0
20180226 222000;1523.94;1523.94;1523.94;1523.94;200
20180226 222100;1523.82;1523.82;1523.82;1523.82;0
20180226 222200;1523.5;1523.53;1522.67;1523.53;100
20180226 222300;1523.22;1523.53;1523;1523.53;0
20180226 222400;1523.08;1523.08;1523;1523;300
20180226 222500;1523.08;1523.82;1523.08;1523.82;0
20180226 222600;1523.08;1523.08;1522.73;1523;200
20180226 222700;1523;1523.77;1523;1523;0
20180226 222800;1522.67;1523.73;1522.67;1523.73;0
20180226 222900;1523;1523;1523;1523;100
20180226 223200;1523.1;1523.72;1523.1;1523.72;0
20180226 223300;1523.1;1523.1;1523.1;1523.1;0
20180226 223400;1523.73;1523.73;1523;1523.72;0
20180226 223500;1523.72;1523.72;1523.71;1523.71;0
20180226 223700;1523.67;1523.67;1523.67;1523.67;0
20180226 223800;1523.67;1523.67;1523;1523.65;100
20180226 223900;1523.65;1523.65;1523.65;1523.65;0
20180226 224000;1523.65;1523.65;1523.03;1523.03;0
20180226 224100;1523.03;1523.03;1523.03;1523.03;0
20180226 224200;1523.65;1523.65;1523.03;1523.65;0
20180226 224300;1523.65;1523.67;1523.03;1523.67;0
20180226 224500;1523.03;1523.65;1523;1523.65;100
20180226 224600;1523.64;1523.64;1523.64;1523.64;0
20180226 224700;1523.15;1523.15;1522.8;1522.81;0
20180226 224800;1523.63;1523.63;1523.15;1523.6;0
20180226 224900;1523.73;1523.73;1522.81;1523.59;0
20180226 225100;1521.95;1523.58;1521.95;1523.58;2400
20180226 225200;1523.58;1523.58;1523.58;1523.58;0
20180226 225300;1522.81;1522.81;1522.81;1522.81;0
20180226 225400;1522.81;1523.58;1522.55;1523.58;200
20180226 225500;1523.58;1523.73;1523.58;1523.58;0
20180226 225600;1523.58;1523.58;1522.77;1523.58;0
20180226 225700;1523.58;1523.58;1523.58;1523.58;0
20180226 225900;1523.58;1523.58;1523.58;1523.58;0
20180226 230000;1522.77;1523;1522.55;1522.55;0
20180226 230100;1523;1523;1523;1523;100
20180226 230200;1523;1523.94;1523;1523.94;200
20180226 230300;1523.58;1523.58;1523.58;1523.58;0
20180226 230600;1523.05;1523.05;1522.71;1522.71;0
20180226 230700;1523.76;1523.76;1523.76;1523.76;0
20180226 230800;1523.94;1523.94;1523.94;1523.94;0
20180226 231000;1523.76;1523.76;1523.44;1523.44;0
20180226 231300;1523.76;1523.76;1523.76;1523.76;0
20180226 231400;1523.76;1523.76;1523.76;1523.76;0
20180226 231500;1523;1523;1523;1523;0
20180226 231600;1523.76;1523.76;1523.76;1523.76;0
20180226 231700;1523.47;1523.47;1523.47;1523.47;0
20180226 231800;1523.47;1523.47;1523.47;1523.47;0
20180226 232000;1523.47;1523.47;1523.47;1523.47;0
20180226 232300;1523.47;1523.47;1523.47;1523.47;0
20180226 232400;1523.4;1523.5;1523.4;1523.5;0
20180226 232500;1523.47;1523.47;1523.47;1523.47;0
20180226 232600;1523.6;1523.6;1523.01;1523.5;0
20180226 232700;1523.02;1523.44;1523.02;1523.44;0
20180226 232900;1523.5;1523.5;1523.5;1523.5;0
20180226 233000;1521.95;1523.88;1521.95;1523.88;200
20180226 233100;1523.52;1523.52;1523.52;1523.52;0
20180226 233200;1523.65;1523.65;1523.65;1523.65;0
20180226 233300;1523.52;1523.76;1523.52;1523.52;0
20180226 233400;1523.76;1523.76;1523.76;1523.76;0
20180226 233500;1524;1524;1524;1524;0
20180226 233600;1523.5;1524;1523.5;1524;0
20180226 233700;1523.5;1523.76;1523.5;1523.76;200
20180226 233800;1523.5;1523.92;1523.5;1523.92;100
20180226 234000;1523.92;1523.92;1523.92;1523.92;0
20180226 234100;1523.76;1523.76;1523.76;1523.76;0
20180226 234400;1523.01;1523.01;1523.01;1523.01;0
20180226 234500;1523.01;1523.01;1523.01;1523.01;0
20180226 234600;1523.54;1523.6;1523.54;1523.6;0
20180226 234800;1523.54;1523.54;1523.54;1523.54;100
20180226 235000;1523.54;1523.76;1523.54;1523.76;0
20180226 235100;1523.76;1523.92;1523.76;1523.92;200
20180226 235200;1523.92;1523.92;1523.92;1523.92;100
20180226 235500;1523.76;1524;1523.1;1523.1;100
20180226 235600;1524;1524;1523.92;1523.92;100
20180226 235700;1523.5;1524;1523.5;1524;0
20180226 235900;1524.3;1524.61;1523.92;1524.61;300
20180227 000000;1524.5;1524.89;1524.39;1524.8;200
20180227 000100;1524.88;1525;1524.88;1525;200
20180227 000200;1524.5;1524.5;1524.5;1524.5;0
20180227 000500;1524.96;1524.96;1524.96;1524.96;0
20180227 000600;1524.5;1524.6;1524.5;1524.5;100
20180227 000700;1524.5;1524.5;1524.33;1524.33;100
20180227 000800;1524.34;1524.34;1524.33;1524.33;300
20180227 000900;1524.86;1524.86;1524.86;1524.86;0
20180227 001000;1524.33;1524.33;1524.33;1524.33;0
20180227 001100;1524.3;1524.75;1524.3;1524.75;200
20180227 001200;1524.75;1524.75;1524.75;1524.75;100
20180227 001300;1524.75;1524.75;1524.45;1524.45;200
20180227 001400;1524.45;1524.86;1524.45;1524.86;500
20180227 001500;1524.45;1524.75;1524.45;1524.75;100
20180227 001600;1524.45;1524.45;1524.45;1524.45;0
20180227 001700;1524.3;1524.3;1524.3;1524.3;0
20180227 001800;1524.12;1524.12;1524.12;1524.12;0
20180227 001900;1524.12;1524.3;1524.1;1524.3;100
20180227 002000;1524.6;1524.6;1524.6;1524.6;0
20180227 002100;1524.12;1524.12;1524.12;1524.12;0
20180227 002800;1524.4;1524.4;1524.4;1524.4;0
20180227 002900;1524.1;1524.1;1524;1524;600
20180227 003100;1524;1524;1524;1524;100
20180227 003300;1523.99;1523.99;1523.99;1523.99;0
20180227 003400;1523.27;1523.98;1523.27;1523.98;100
20180227 003500;1523.98;1523.98;1523.1;1523.1;0
20180227 004200;1523.88;1523.89;1523.88;1523.89;100
20180227 004300;1523.9;1523.97;1523.9;1523.97;100
20180227 004500;1523.9;1523.97;1523.9;1523.97;100
20180227 004600;1523.96;1523.96;1523.96;1523.96;0
20180227 004800;1523.97;1524;1523.96;1524;1100
20180227 004900;1523.7;1524;1523.7;1524;0
20180227 005000;1524.25;1524.25;1524;1524;100
20180227 005100;1524;1524.4;1524;1524.4;200
20180227 005200;1523.9;1523.9;1523.9;1523.9;0
20180227 005300;1524.4;1524.48;1524.4;1524.48;100
20180227 005600;1524.45;1524.45;1524.45;1524.45;0
20180227 005700;1524.5;1524.86;1524.46;1524.86;0
20180227 005800;1524.8;1524.86;1524.8;1524.86;0
20180227 005900;1524.86;1525;1524.78;1525;200
20180227 010000;1525;1525;1524.88;1524.88;100
